<?xml version="1.0"?>
<opencv_storage>
<CameraMatrix type_id="opencv-matrix">
  <rows>3</rows>
  <cols>3</cols>
  <dt>d</dt>
  <data>
    4.8111970199674931e+02 0. 3.2701431455655643e+02 0.
    4.8283834283448186e+02 2.2696869699817489e+02 0. 0. 1.</data></CameraMatrix>
<DistortionCoeffs type_id="opencv-matrix">
  <rows>1</rows>
  <cols>5</cols>
  <dt>d</dt>
  <data>
    -3.7098975557174974e-01 1.9978995860031351e-01
    1.1972493524593996e-03 5.3480250293297155e-04
    -6.2605303189560924e-02</data></DistortionCoeffs>
</opencv_storage>
