<?xml version="1.0"?>
<opencv_storage>
<CameraMatrix type_id="opencv-matrix">
  <rows>3</rows>
  <cols>3</cols>
  <dt>d</dt>
  <data>
    4.8678381353846640e+02 0. 3.2157491897208826e+02 0.
    4.8699350934818659e+02 2.2487241181142596e+02 0. 0. 1.</data></CameraMatrix>
<DistortionCoeffs type_id="opencv-matrix">
  <rows>1</rows>
  <cols>5</cols>
  <dt>d</dt>
  <data>
    -3.7999028403428992e-01 2.1534153984207957e-01
    1.6260887608483994e-03 1.5247586831107728e-03
    -6.8336218146933539e-02</data></DistortionCoeffs>
<Rvecs type_id="opencv-matrix">
  <rows>3</rows>
  <cols>1</cols>
  <dt>d</dt>
  <data>
    1.0297997947648172e+00 -1.3859312363027769e+00
    1.3360772206099782e+00</data></Rvecs>
<Tvecs type_id="opencv-matrix">
  <rows>3</rows>
  <cols>1</cols>
  <dt>d</dt>
  <data>
    -1.7488368755397832e+02 1.2489316781364894e+03
    2.5515092931513714e+03</data></Tvecs>
</opencv_storage>
