<?xml version="1.0"?>
<opencv_storage>
<CameraMatrix type_id="opencv-matrix">
  <rows>3</rows>
  <cols>3</cols>
  <dt>d</dt>
  <data>
    4.8678381353846640e+02 0. 3.2157491897208826e+02 0.
    4.8699350934818659e+02 2.2487241181142596e+02 0. 0. 1.</data></CameraMatrix>
<DistortionCoeffs type_id="opencv-matrix">
  <rows>1</rows>
  <cols>5</cols>
  <dt>d</dt>
  <data>
    -3.7999028403428992e-01 2.1534153984207957e-01
    1.6260887608483994e-03 1.5247586831107728e-03
    -6.8336218146933539e-02</data></DistortionCoeffs>
</opencv_storage>
