<?xml version="1.0"?>
<opencv_storage>
<CameraMatrix type_id="opencv-matrix">
  <rows>3</rows>
  <cols>3</cols>
  <dt>d</dt>
  <data>
    4.9455854573071048e+02 0. 3.3082850829513717e+02 0.
    4.9762671122156860e+02 2.2344076379101156e+02 0. 0. 1.</data></CameraMatrix>
<DistortionCoeffs type_id="opencv-matrix">
  <rows>1</rows>
  <cols>5</cols>
  <dt>d</dt>
  <data>
    -3.6306296363040114e-01 1.9430419892946130e-01
    -8.8253337917342813e-04 5.9326001762489619e-04
    -6.8915447302529104e-02</data></DistortionCoeffs>
</opencv_storage>
