<?xml version="1.0"?>
<opencv_storage>
<CameraMatrix type_id="opencv-matrix">
  <rows>3</rows>
  <cols>3</cols>
  <dt>d</dt>
  <data>
    4.8930805474001090e+02 0. 3.3170872132432174e+02 0.
    4.9034321407222518e+02 2.3468711486457929e+02 0. 0. 1.</data></CameraMatrix>
<DistortionCoeffs type_id="opencv-matrix">
  <rows>1</rows>
  <cols>5</cols>
  <dt>d</dt>
  <data>
    -3.7888924948311403e-01 2.2066728631357746e-01
    1.3387340871580080e-04 4.1477695619313905e-04
    -7.8414815469302776e-02</data></DistortionCoeffs>
<Rvecs type_id="opencv-matrix">
  <rows>3</rows>
  <cols>1</cols>
  <dt>d</dt>
  <data>
    1.5082650895918845e+00 -6.8715178165003976e-01
    6.3465213838794299e-01</data></Rvecs>
<Tvecs type_id="opencv-matrix">
  <rows>3</rows>
  <cols>1</cols>
  <dt>d</dt>
  <data>
    -4.6908956666893118e+02 1.1128842722803572e+03
    4.1833378643095684e+03</data></Tvecs>
</opencv_storage>
